300
    31.789227	   103.604155	    10.000000	     3.912804	    75.000000	    45.000000	     0.400000	     0.000000
    31.794993	   103.604549	    10.000000	     3.912804	    75.000000	    45.000000	     0.400000	     0.000000
    31.800759	   103.604943	    10.000000	     3.912804	    75.000000	    45.000000	     0.400000	     0.000000
    31.806525	   103.605338	    10.000000	     3.912804	    75.000000	    45.000000	     0.400000	     0.000000
    31.812291	   103.605732	    10.000000	     3.912804	    75.000000	    45.000000	     0.400000	     0.000000
    31.818057	   103.606127	    10.000000	     3.912804	    75.000000	    45.000000	     0.400000	     0.000000
    31.823823	   103.606521	    10.000000	     3.912804	    75.000000	    45.000000	     0.400000	     0.000000
    31.829589	   103.606915	    10.000000	     3.912804	    75.000000	    45.000000	     0.400000	     0.000000
    31.835355	   103.607310	    10.000000	     3.912804	    75.000000	    45.000000	     0.400000	     0.000000
    31.841121	   103.607704	    10.000000	     3.912804	    75.000000	    45.000000	     0.400000	     0.000000
    31.846887	   103.608099	    10.000000	     3.912804	    75.000000	    45.000000	     0.400000	     0.000000
    31.852653	   103.608493	    10.000000	     3.912804	    75.000000	    45.000000	     0.400000	     0.000000
    31.858419	   103.608887	    10.000000	     3.912804	    75.000000	    45.000000	     0.400000	     0.000000
    31.864185	   103.609282	    10.000000	     3.912804	    75.000000	    45.000000	     0.400000	     0.000000
    31.869951	   103.609676	    10.000000	     3.912804	    75.000000	    45.000000	     0.400000	     0.000000
    31.875717	   103.610070	    10.000000	     3.912804	    75.000000	    45.000000	     0.400000	     0.000000
    31.881483	   103.610465	    10.000000	     3.912804	    75.000000	    45.000000	     0.400000	     0.000000
    31.887249	   103.610859	    10.000000	     3.912804	    75.000000	    45.000000	     0.400000	     0.000000
    31.893015	   103.611254	    10.000000	     3.912804	    75.000000	    45.000000	     0.400000	     0.000000
    31.898781	   103.611648	    10.000000	     3.912804	    75.000000	    45.000000	     0.400000	     0.000000
    31.904547	   103.612042	    10.000000	     3.912804	    75.000000	    45.000000	     0.400000	     0.000000
    31.910313	   103.612437	    10.000000	     3.912804	    75.000000	    45.000000	     0.400000	     0.000000
    31.916079	   103.612831	    10.000000	     3.912804	    75.000000	    45.000000	     0.400000	     0.000000
    31.921845	   103.613225	    10.000000	     3.912804	    75.000000	    45.000000	     0.400000	     0.000000
    31.927611	   103.613620	    10.000000	     3.912804	    75.000000	    45.000000	     0.400000	     0.000000
    31.933377	   103.614014	    10.000000	     3.912804	    75.000000	    45.000000	     0.400000	     0.000000
    31.939143	   103.614409	    10.000000	     3.912804	    75.000000	    45.000000	     0.400000	     0.000000
    31.944909	   103.614803	    10.000000	     3.912804	    75.000000	    45.000000	     0.400000	     0.000000
    31.950675	   103.615197	    10.000000	     3.912804	    75.000000	    45.000000	     0.400000	     0.000000
    31.956441	   103.615592	    10.000000	     3.912804	    75.000000	    45.000000	     0.400000	     0.000000
    31.962207	   103.615986	    10.000000	     3.912804	    75.000000	    45.000000	     0.400000	     0.000000
    31.967973	   103.616381	    10.000000	     3.912804	    75.000000	    45.000000	     0.400000	     0.000000
    31.973739	   103.616775	    10.000000	     3.912804	    75.000000	    45.000000	     0.400000	     0.000000
    31.979505	   103.617169	    10.000000	     3.912804	    75.000000	    45.000000	     0.400000	     0.000000
    31.985271	   103.617564	    10.000000	     3.912804	    75.000000	    45.000000	     0.400000	     0.000000
    31.991037	   103.617958	    10.000000	     3.912804	    75.000000	    45.000000	     0.400000	     0.000000
    31.996803	   103.618352	    10.000000	     3.912804	    75.000000	    45.000000	     0.400000	     0.000000
    32.002569	   103.618747	    10.000000	     3.912804	    75.000000	    45.000000	     0.400000	     0.000000
    32.008335	   103.619141	    10.000000	     3.912804	    75.000000	    45.000000	     0.400000	     0.000000
    32.014101	   103.619536	    10.000000	     3.912804	    75.000000	    45.000000	     0.400000	     0.000000
    32.019867	   103.619930	    10.000000	     3.912804	    75.000000	    45.000000	     0.400000	     0.000000
    32.025633	   103.620324	    10.000000	     3.912804	    75.000000	    45.000000	     0.400000	     0.000000
    32.031399	   103.620719	    10.000000	     3.912804	    75.000000	    45.000000	     0.400000	     0.000000
    32.037165	   103.621113	    10.000000	     3.912804	    75.000000	    45.000000	     0.400000	     0.000000
    32.042931	   103.621507	    10.000000	     3.912804	    75.000000	    45.000000	     0.400000	     0.000000
    32.048697	   103.621902	    10.000000	     3.912804	    75.000000	    45.000000	     0.400000	     0.000000
    32.054463	   103.622296	    10.000000	     3.912804	    75.000000	    45.000000	     0.400000	     0.000000
    32.060229	   103.622691	    10.000000	     3.912804	    75.000000	    45.000000	     0.400000	     0.000000
    32.065995	   103.623085	    10.000000	     3.912804	    75.000000	    45.000000	     0.400000	     0.000000
    32.071761	   103.623479	    10.000000	     3.912804	    75.000000	    45.000000	     0.400000	     0.000000
    32.071761	   103.623479	    10.000000	    -9.431210	    75.000000	    45.000000	     0.400000	     0.000000
    32.076510	   103.622691	    10.000000	    -9.431210	    75.000000	    45.000000	     0.400000	     0.000000
    32.081258	   103.621902	    10.000000	    -9.431210	    75.000000	    45.000000	     0.400000	     0.000000
    32.086007	   103.621113	    10.000000	    -9.431210	    75.000000	    45.000000	     0.400000	     0.000000
    32.090755	   103.620324	    10.000000	    -9.431210	    75.000000	    45.000000	     0.400000	     0.000000
    32.095504	   103.619536	    10.000000	    -9.431210	    75.000000	    45.000000	     0.400000	     0.000000
    32.100252	   103.618747	    10.000000	    -9.431210	    75.000000	    45.000000	     0.400000	     0.000000
    32.105001	   103.617958	    10.000000	    -9.431210	    75.000000	    45.000000	     0.400000	     0.000000
    32.109749	   103.617169	    10.000000	    -9.431210	    75.000000	    45.000000	     0.400000	     0.000000
    32.114498	   103.616381	    10.000000	    -9.431210	    75.000000	    45.000000	     0.400000	     0.000000
    32.119246	   103.615592	    10.000000	    -9.431210	    75.000000	    45.000000	     0.400000	     0.000000
    32.123995	   103.614803	    10.000000	    -9.431210	    75.000000	    45.000000	     0.400000	     0.000000
    32.128743	   103.614014	    10.000000	    -9.431210	    75.000000	    45.000000	     0.400000	     0.000000
    32.133491	   103.613225	    10.000000	    -9.431210	    75.000000	    45.000000	     0.400000	     0.000000
    32.138240	   103.612437	    10.000000	    -9.431210	    75.000000	    45.000000	     0.400000	     0.000000
    32.142988	   103.611648	    10.000000	    -9.431210	    75.000000	    45.000000	     0.400000	     0.000000
    32.147737	   103.610859	    10.000000	    -9.431210	    75.000000	    45.000000	     0.400000	     0.000000
    32.152485	   103.610070	    10.000000	    -9.431210	    75.000000	    45.000000	     0.400000	     0.000000
    32.157234	   103.609282	    10.000000	    -9.431210	    75.000000	    45.000000	     0.400000	     0.000000
    32.161982	   103.608493	    10.000000	    -9.431210	    75.000000	    45.000000	     0.400000	     0.000000
    32.166731	   103.607704	    10.000000	    -9.431210	    75.000000	    45.000000	     0.400000	     0.000000
    32.171479	   103.606915	    10.000000	    -9.431210	    75.000000	    45.000000	     0.400000	     0.000000
    32.176228	   103.606127	    10.000000	    -9.431210	    75.000000	    45.000000	     0.400000	     0.000000
    32.180976	   103.605338	    10.000000	    -9.431210	    75.000000	    45.000000	     0.400000	     0.000000
    32.185725	   103.604549	    10.000000	    -9.431210	    75.000000	    45.000000	     0.400000	     0.000000
    32.190473	   103.603760	    10.000000	    -9.431210	    75.000000	    45.000000	     0.400000	     0.000000
    32.195222	   103.602972	    10.000000	    -9.431210	    75.000000	    45.000000	     0.400000	     0.000000
    32.199970	   103.602183	    10.000000	    -9.431210	    75.000000	    45.000000	     0.400000	     0.000000
    32.204719	   103.601394	    10.000000	    -9.431210	    75.000000	    45.000000	     0.400000	     0.000000
    32.209467	   103.600605	    10.000000	    -9.431210	    75.000000	    45.000000	     0.400000	     0.000000
    32.214216	   103.599816	    10.000000	    -9.431210	    75.000000	    45.000000	     0.400000	     0.000000
    32.218964	   103.599028	    10.000000	    -9.431210	    75.000000	    45.000000	     0.400000	     0.000000
    32.223713	   103.598239	    10.000000	    -9.431210	    75.000000	    45.000000	     0.400000	     0.000000
    32.228461	   103.597450	    10.000000	    -9.431210	    75.000000	    45.000000	     0.400000	     0.000000
    32.233210	   103.596661	    10.000000	    -9.431210	    75.000000	    45.000000	     0.400000	     0.000000
    32.237958	   103.595873	    10.000000	    -9.431210	    75.000000	    45.000000	     0.400000	     0.000000
    32.242707	   103.595084	    10.000000	    -9.431210	    75.000000	    45.000000	     0.400000	     0.000000
    32.247455	   103.594295	    10.000000	    -9.431210	    75.000000	    45.000000	     0.400000	     0.000000
    32.252204	   103.593506	    10.000000	    -9.431210	    75.000000	    45.000000	     0.400000	     0.000000
    32.256952	   103.592718	    10.000000	    -9.431210	    75.000000	    45.000000	     0.400000	     0.000000
    32.261700	   103.591929	    10.000000	    -9.431210	    75.000000	    45.000000	     0.400000	     0.000000
    32.266449	   103.591140	    10.000000	    -9.431210	    75.000000	    45.000000	     0.400000	     0.000000
    32.271197	   103.590351	    10.000000	    -9.431210	    75.000000	    45.000000	     0.400000	     0.000000
    32.275946	   103.589563	    10.000000	    -9.431210	    75.000000	    45.000000	     0.400000	     0.000000
    32.280694	   103.588774	    10.000000	    -9.431210	    75.000000	    45.000000	     0.400000	     0.000000
    32.285443	   103.587985	    10.000000	    -9.431210	    75.000000	    45.000000	     0.400000	     0.000000
    32.290191	   103.587196	    10.000000	    -9.431210	    75.000000	    45.000000	     0.400000	     0.000000
    32.294940	   103.586408	    10.000000	    -9.431210	    75.000000	    45.000000	     0.400000	     0.000000
    32.299688	   103.585619	    10.000000	    -9.431210	    75.000000	    45.000000	     0.400000	     0.000000
    32.304437	   103.584830	    10.000000	    -9.431210	    75.000000	    45.000000	     0.400000	     0.000000
    32.304437	   103.584830	    10.000000	    -3.502015	    75.000000	    45.000000	     0.400000	     0.000000
    32.310881	   103.584436	    10.000000	    -3.502015	    75.000000	    45.000000	     0.400000	     0.000000
    32.317326	   103.584041	    10.000000	    -3.502015	    75.000000	    45.000000	     0.400000	     0.000000
    32.323770	   103.583647	    10.000000	    -3.502015	    75.000000	    45.000000	     0.400000	     0.000000
    32.330214	   103.583252	    10.000000	    -3.502015	    75.000000	    45.000000	     0.400000	     0.000000
    32.336659	   103.582858	    10.000000	    -3.502015	    75.000000	    45.000000	     0.400000	     0.000000
    32.343103	   103.582464	    10.000000	    -3.502015	    75.000000	    45.000000	     0.400000	     0.000000
    32.349547	   103.582069	    10.000000	    -3.502015	    75.000000	    45.000000	     0.400000	     0.000000
    32.355992	   103.581675	    10.000000	    -3.502015	    75.000000	    45.000000	     0.400000	     0.000000
    32.362436	   103.581281	    10.000000	    -3.502015	    75.000000	    45.000000	     0.400000	     0.000000
    32.368880	   103.580886	    10.000000	    -3.502015	    75.000000	    45.000000	     0.400000	     0.000000
    32.375325	   103.580492	    10.000000	    -3.502015	    75.000000	    45.000000	     0.400000	     0.000000
    32.381769	   103.580097	    10.000000	    -3.502015	    75.000000	    45.000000	     0.400000	     0.000000
    32.388214	   103.579703	    10.000000	    -3.502015	    75.000000	    45.000000	     0.400000	     0.000000
    32.394658	   103.579309	    10.000000	    -3.502015	    75.000000	    45.000000	     0.400000	     0.000000
    32.401102	   103.578914	    10.000000	    -3.502015	    75.000000	    45.000000	     0.400000	     0.000000
    32.407547	   103.578520	    10.000000	    -3.502015	    75.000000	    45.000000	     0.400000	     0.000000
    32.413991	   103.578125	    10.000000	    -3.502015	    75.000000	    45.000000	     0.400000	     0.000000
    32.420435	   103.577731	    10.000000	    -3.502015	    75.000000	    45.000000	     0.400000	     0.000000
    32.426880	   103.577337	    10.000000	    -3.502015	    75.000000	    45.000000	     0.400000	     0.000000
    32.433324	   103.576942	    10.000000	    -3.502015	    75.000000	    45.000000	     0.400000	     0.000000
    32.439769	   103.576548	    10.000000	    -3.502015	    75.000000	    45.000000	     0.400000	     0.000000
    32.446213	   103.576154	    10.000000	    -3.502015	    75.000000	    45.000000	     0.400000	     0.000000
    32.452657	   103.575759	    10.000000	    -3.502015	    75.000000	    45.000000	     0.400000	     0.000000
    32.459102	   103.575365	    10.000000	    -3.502015	    75.000000	    45.000000	     0.400000	     0.000000
    32.465546	   103.574970	    10.000000	    -3.502015	    75.000000	    45.000000	     0.400000	     0.000000
    32.471990	   103.574576	    10.000000	    -3.502015	    75.000000	    45.000000	     0.400000	     0.000000
    32.478435	   103.574182	    10.000000	    -3.502015	    75.000000	    45.000000	     0.400000	     0.000000
    32.484879	   103.573787	    10.000000	    -3.502015	    75.000000	    45.000000	     0.400000	     0.000000
    32.491323	   103.573393	    10.000000	    -3.502015	    75.000000	    45.000000	     0.400000	     0.000000
    32.497768	   103.572999	    10.000000	    -3.502015	    75.000000	    45.000000	     0.400000	     0.000000
    32.504212	   103.572604	    10.000000	    -3.502015	    75.000000	    45.000000	     0.400000	     0.000000
    32.510657	   103.572210	    10.000000	    -3.502015	    75.000000	    45.000000	     0.400000	     0.000000
    32.517101	   103.571815	    10.000000	    -3.502015	    75.000000	    45.000000	     0.400000	     0.000000
    32.523545	   103.571421	    10.000000	    -3.502015	    75.000000	    45.000000	     0.400000	     0.000000
    32.529990	   103.571027	    10.000000	    -3.502015	    75.000000	    45.000000	     0.400000	     0.000000
    32.536434	   103.570632	    10.000000	    -3.502015	    75.000000	    45.000000	     0.400000	     0.000000
    32.542878	   103.570238	    10.000000	    -3.502015	    75.000000	    45.000000	     0.400000	     0.000000
    32.549323	   103.569843	    10.000000	    -3.502015	    75.000000	    45.000000	     0.400000	     0.000000
    32.555767	   103.569449	    10.000000	    -3.502015	    75.000000	    45.000000	     0.400000	     0.000000
    32.562212	   103.569055	    10.000000	    -3.502015	    75.000000	    45.000000	     0.400000	     0.000000
    32.568656	   103.568660	    10.000000	    -3.502015	    75.000000	    45.000000	     0.400000	     0.000000
    32.575100	   103.568266	    10.000000	    -3.502015	    75.000000	    45.000000	     0.400000	     0.000000
    32.581545	   103.567872	    10.000000	    -3.502015	    75.000000	    45.000000	     0.400000	     0.000000
    32.587989	   103.567477	    10.000000	    -3.502015	    75.000000	    45.000000	     0.400000	     0.000000
    32.594433	   103.567083	    10.000000	    -3.502015	    75.000000	    45.000000	     0.400000	     0.000000
    32.600878	   103.566688	    10.000000	    -3.502015	    75.000000	    45.000000	     0.400000	     0.000000
    32.607322	   103.566294	    10.000000	    -3.502015	    75.000000	    45.000000	     0.400000	     0.000000
    32.613766	   103.565900	    10.000000	    -3.502015	    75.000000	    45.000000	     0.400000	     0.000000
    32.620211	   103.565505	    10.000000	    -3.502015	    75.000000	    45.000000	     0.400000	     0.000000
    32.620211	   103.565505	    10.000000	    -9.431210	    75.000000	    45.000000	     0.400000	     0.000000
    32.624959	   103.564717	    10.000000	    -9.431210	    75.000000	    45.000000	     0.400000	     0.000000
    32.629708	   103.563928	    10.000000	    -9.431210	    75.000000	    45.000000	     0.400000	     0.000000
    32.634456	   103.563139	    10.000000	    -9.431210	    75.000000	    45.000000	     0.400000	     0.000000
    32.639205	   103.562350	    10.000000	    -9.431210	    75.000000	    45.000000	     0.400000	     0.000000
    32.643953	   103.561561	    10.000000	    -9.431210	    75.000000	    45.000000	     0.400000	     0.000000
    32.648702	   103.560773	    10.000000	    -9.431210	    75.000000	    45.000000	     0.400000	     0.000000
    32.653450	   103.559984	    10.000000	    -9.431210	    75.000000	    45.000000	     0.400000	     0.000000
    32.658199	   103.559195	    10.000000	    -9.431210	    75.000000	    45.000000	     0.400000	     0.000000
    32.662947	   103.558406	    10.000000	    -9.431210	    75.000000	    45.000000	     0.400000	     0.000000
    32.667696	   103.557618	    10.000000	    -9.431210	    75.000000	    45.000000	     0.400000	     0.000000
    32.672444	   103.556829	    10.000000	    -9.431210	    75.000000	    45.000000	     0.400000	     0.000000
    32.677193	   103.556040	    10.000000	    -9.431210	    75.000000	    45.000000	     0.400000	     0.000000
    32.681941	   103.555251	    10.000000	    -9.431210	    75.000000	    45.000000	     0.400000	     0.000000
    32.686690	   103.554463	    10.000000	    -9.431210	    75.000000	    45.000000	     0.400000	     0.000000
    32.691438	   103.553674	    10.000000	    -9.431210	    75.000000	    45.000000	     0.400000	     0.000000
    32.696187	   103.552885	    10.000000	    -9.431210	    75.000000	    45.000000	     0.400000	     0.000000
    32.700935	   103.552096	    10.000000	    -9.431210	    75.000000	    45.000000	     0.400000	     0.000000
    32.705684	   103.551308	    10.000000	    -9.431210	    75.000000	    45.000000	     0.400000	     0.000000
    32.710432	   103.550519	    10.000000	    -9.431210	    75.000000	    45.000000	     0.400000	     0.000000
    32.715180	   103.549730	    10.000000	    -9.431210	    75.000000	    45.000000	     0.400000	     0.000000
    32.719929	   103.548941	    10.000000	    -9.431210	    75.000000	    45.000000	     0.400000	     0.000000
    32.724677	   103.548152	    10.000000	    -9.431210	    75.000000	    45.000000	     0.400000	     0.000000
    32.729426	   103.547364	    10.000000	    -9.431210	    75.000000	    45.000000	     0.400000	     0.000000
    32.734174	   103.546575	    10.000000	    -9.431210	    75.000000	    45.000000	     0.400000	     0.000000
    32.738923	   103.545786	    10.000000	    -9.431210	    75.000000	    45.000000	     0.400000	     0.000000
    32.743671	   103.544997	    10.000000	    -9.431210	    75.000000	    45.000000	     0.400000	     0.000000
    32.748420	   103.544209	    10.000000	    -9.431210	    75.000000	    45.000000	     0.400000	     0.000000
    32.753168	   103.543420	    10.000000	    -9.431210	    75.000000	    45.000000	     0.400000	     0.000000
    32.757917	   103.542631	    10.000000	    -9.431210	    75.000000	    45.000000	     0.400000	     0.000000
    32.762665	   103.541842	    10.000000	    -9.431210	    75.000000	    45.000000	     0.400000	     0.000000
    32.767414	   103.541054	    10.000000	    -9.431210	    75.000000	    45.000000	     0.400000	     0.000000
    32.772162	   103.540265	    10.000000	    -9.431210	    75.000000	    45.000000	     0.400000	     0.000000
    32.776911	   103.539476	    10.000000	    -9.431210	    75.000000	    45.000000	     0.400000	     0.000000
    32.781659	   103.538687	    10.000000	    -9.431210	    75.000000	    45.000000	     0.400000	     0.000000
    32.786408	   103.537899	    10.000000	    -9.431210	    75.000000	    45.000000	     0.400000	     0.000000
    32.791156	   103.537110	    10.000000	    -9.431210	    75.000000	    45.000000	     0.400000	     0.000000
    32.795905	   103.536321	    10.000000	    -9.431210	    75.000000	    45.000000	     0.400000	     0.000000
    32.800653	   103.535532	    10.000000	    -9.431210	    75.000000	    45.000000	     0.400000	     0.000000
    32.805402	   103.534743	    10.000000	    -9.431210	    75.000000	    45.000000	     0.400000	     0.000000
    32.810150	   103.533955	    10.000000	    -9.431210	    75.000000	    45.000000	     0.400000	     0.000000
    32.814899	   103.533166	    10.000000	    -9.431210	    75.000000	    45.000000	     0.400000	     0.000000
    32.819647	   103.532377	    10.000000	    -9.431210	    75.000000	    45.000000	     0.400000	     0.000000
    32.824396	   103.531588	    10.000000	    -9.431210	    75.000000	    45.000000	     0.400000	     0.000000
    32.829144	   103.530800	    10.000000	    -9.431210	    75.000000	    45.000000	     0.400000	     0.000000
    32.833893	   103.530011	    10.000000	    -9.431210	    75.000000	    45.000000	     0.400000	     0.000000
    32.838641	   103.529222	    10.000000	    -9.431210	    75.000000	    45.000000	     0.400000	     0.000000
    32.843389	   103.528433	    10.000000	    -9.431210	    75.000000	    45.000000	     0.400000	     0.000000
    32.848138	   103.527645	    10.000000	    -9.431210	    75.000000	    45.000000	     0.400000	     0.000000
    32.852886	   103.526856	    10.000000	    -9.431210	    75.000000	    45.000000	     0.400000	     0.000000
    32.852886	   103.526856	    10.000000	   -17.594679	    75.000000	    45.000000	     0.400000	     0.000000
    32.856617	   103.525673	    10.000000	   -17.594679	    75.000000	    45.000000	     0.400000	     0.000000
    32.860348	   103.524490	    10.000000	   -17.594679	    75.000000	    45.000000	     0.400000	     0.000000
    32.864079	   103.523306	    10.000000	   -17.594679	    75.000000	    45.000000	     0.400000	     0.000000
    32.867810	   103.522123	    10.000000	   -17.594679	    75.000000	    45.000000	     0.400000	     0.000000
    32.871541	   103.520940	    10.000000	   -17.594679	    75.000000	    45.000000	     0.400000	     0.000000
    32.875272	   103.519757	    10.000000	   -17.594679	    75.000000	    45.000000	     0.400000	     0.000000
    32.879003	   103.518574	    10.000000	   -17.594679	    75.000000	    45.000000	     0.400000	     0.000000
    32.882734	   103.517391	    10.000000	   -17.594679	    75.000000	    45.000000	     0.400000	     0.000000
    32.886465	   103.516208	    10.000000	   -17.594679	    75.000000	    45.000000	     0.400000	     0.000000
    32.890196	   103.515024	    10.000000	   -17.594679	    75.000000	    45.000000	     0.400000	     0.000000
    32.893927	   103.513841	    10.000000	   -17.594679	    75.000000	    45.000000	     0.400000	     0.000000
    32.897658	   103.512658	    10.000000	   -17.594679	    75.000000	    45.000000	     0.400000	     0.000000
    32.901389	   103.511475	    10.000000	   -17.594679	    75.000000	    45.000000	     0.400000	     0.000000
    32.905120	   103.510292	    10.000000	   -17.594679	    75.000000	    45.000000	     0.400000	     0.000000
    32.908851	   103.509109	    10.000000	   -17.594679	    75.000000	    45.000000	     0.400000	     0.000000
    32.912582	   103.507926	    10.000000	   -17.594679	    75.000000	    45.000000	     0.400000	     0.000000
    32.916313	   103.506742	    10.000000	   -17.594679	    75.000000	    45.000000	     0.400000	     0.000000
    32.920044	   103.505559	    10.000000	   -17.594679	    75.000000	    45.000000	     0.400000	     0.000000
    32.923774	   103.504376	    10.000000	   -17.594679	    75.000000	    45.000000	     0.400000	     0.000000
    32.927505	   103.503193	    10.000000	   -17.594679	    75.000000	    45.000000	     0.400000	     0.000000
    32.931236	   103.502010	    10.000000	   -17.594679	    75.000000	    45.000000	     0.400000	     0.000000
    32.934967	   103.500827	    10.000000	   -17.594679	    75.000000	    45.000000	     0.400000	     0.000000
    32.938698	   103.499643	    10.000000	   -17.594679	    75.000000	    45.000000	     0.400000	     0.000000
    32.942429	   103.498460	    10.000000	   -17.594679	    75.000000	    45.000000	     0.400000	     0.000000
    32.946160	   103.497277	    10.000000	   -17.594679	    75.000000	    45.000000	     0.400000	     0.000000
    32.949891	   103.496094	    10.000000	   -17.594679	    75.000000	    45.000000	     0.400000	     0.000000
    32.953622	   103.494911	    10.000000	   -17.594679	    75.000000	    45.000000	     0.400000	     0.000000
    32.957353	   103.493728	    10.000000	   -17.594679	    75.000000	    45.000000	     0.400000	     0.000000
    32.961084	   103.492545	    10.000000	   -17.594679	    75.000000	    45.000000	     0.400000	     0.000000
    32.964815	   103.491361	    10.000000	   -17.594679	    75.000000	    45.000000	     0.400000	     0.000000
    32.968546	   103.490178	    10.000000	   -17.594679	    75.000000	    45.000000	     0.400000	     0.000000
    32.972277	   103.488995	    10.000000	   -17.594679	    75.000000	    45.000000	     0.400000	     0.000000
    32.976008	   103.487812	    10.000000	   -17.594679	    75.000000	    45.000000	     0.400000	     0.000000
    32.979739	   103.486629	    10.000000	   -17.594679	    75.000000	    45.000000	     0.400000	     0.000000
    32.983470	   103.485446	    10.000000	   -17.594679	    75.000000	    45.000000	     0.400000	     0.000000
    32.987201	   103.484263	    10.000000	   -17.594679	    75.000000	    45.000000	     0.400000	     0.000000
    32.990932	   103.483079	    10.000000	   -17.594679	    75.000000	    45.000000	     0.400000	     0.000000
    32.994663	   103.481896	    10.000000	   -17.594679	    75.000000	    45.000000	     0.400000	     0.000000
    32.998393	   103.480713	    10.000000	   -17.594679	    75.000000	    45.000000	     0.400000	     0.000000
    33.002124	   103.479530	    10.000000	   -17.594679	    75.000000	    45.000000	     0.400000	     0.000000
    33.005855	   103.478347	    10.000000	   -17.594679	    75.000000	    45.000000	     0.400000	     0.000000
    33.009586	   103.477164	    10.000000	   -17.594679	    75.000000	    45.000000	     0.400000	     0.000000
    33.013317	   103.475981	    10.000000	   -17.594679	    75.000000	    45.000000	     0.400000	     0.000000
    33.017048	   103.474797	    10.000000	   -17.594679	    75.000000	    45.000000	     0.400000	     0.000000
    33.020779	   103.473614	    10.000000	   -17.594679	    75.000000	    45.000000	     0.400000	     0.000000
    33.024510	   103.472431	    10.000000	   -17.594679	    75.000000	    45.000000	     0.400000	     0.000000
    33.028241	   103.471248	    10.000000	   -17.594679	    75.000000	    45.000000	     0.400000	     0.000000
    33.031972	   103.470065	    10.000000	   -17.594679	    75.000000	    45.000000	     0.400000	     0.000000
    33.035703	   103.468882	    10.000000	   -17.594679	    75.000000	    45.000000	     0.400000	     0.000000
    33.035703	   103.468882	    10.000000	     0.000000	    75.000000	    45.000000	     0.400000	     0.000000
    33.042826	   103.468882	    10.000000	     0.000000	    75.000000	    45.000000	     0.400000	     0.000000
    33.049948	   103.468882	    10.000000	     0.000000	    75.000000	    45.000000	     0.400000	     0.000000
    33.057071	   103.468882	    10.000000	     0.000000	    75.000000	    45.000000	     0.400000	     0.000000
    33.064194	   103.468882	    10.000000	     0.000000	    75.000000	    45.000000	     0.400000	     0.000000
    33.071317	   103.468882	    10.000000	     0.000000	    75.000000	    45.000000	     0.400000	     0.000000
    33.078439	   103.468882	    10.000000	     0.000000	    75.000000	    45.000000	     0.400000	     0.000000
    33.085562	   103.468882	    10.000000	     0.000000	    75.000000	    45.000000	     0.400000	     0.000000
    33.092685	   103.468882	    10.000000	     0.000000	    75.000000	    45.000000	     0.400000	     0.000000
    33.099807	   103.468882	    10.000000	     0.000000	    75.000000	    45.000000	     0.400000	     0.000000
    33.106930	   103.468882	    10.000000	     0.000000	    75.000000	    45.000000	     0.400000	     0.000000
    33.114053	   103.468882	    10.000000	     0.000000	    75.000000	    45.000000	     0.400000	     0.000000
    33.121176	   103.468882	    10.000000	     0.000000	    75.000000	    45.000000	     0.400000	     0.000000
    33.128298	   103.468882	    10.000000	     0.000000	    75.000000	    45.000000	     0.400000	     0.000000
    33.135421	   103.468882	    10.000000	     0.000000	    75.000000	    45.000000	     0.400000	     0.000000
    33.142544	   103.468882	    10.000000	     0.000000	    75.000000	    45.000000	     0.400000	     0.000000
    33.149667	   103.468882	    10.000000	     0.000000	    75.000000	    45.000000	     0.400000	     0.000000
    33.156789	   103.468882	    10.000000	     0.000000	    75.000000	    45.000000	     0.400000	     0.000000
    33.163912	   103.468882	    10.000000	     0.000000	    75.000000	    45.000000	     0.400000	     0.000000
    33.171035	   103.468882	    10.000000	     0.000000	    75.000000	    45.000000	     0.400000	     0.000000
    33.178157	   103.468882	    10.000000	     0.000000	    75.000000	    45.000000	     0.400000	     0.000000
    33.185280	   103.468882	    10.000000	     0.000000	    75.000000	    45.000000	     0.400000	     0.000000
    33.192403	   103.468882	    10.000000	     0.000000	    75.000000	    45.000000	     0.400000	     0.000000
    33.199526	   103.468882	    10.000000	     0.000000	    75.000000	    45.000000	     0.400000	     0.000000
    33.206648	   103.468882	    10.000000	     0.000000	    75.000000	    45.000000	     0.400000	     0.000000
    33.213771	   103.468882	    10.000000	     0.000000	    75.000000	    45.000000	     0.400000	     0.000000
    33.220894	   103.468882	    10.000000	     0.000000	    75.000000	    45.000000	     0.400000	     0.000000
    33.228016	   103.468882	    10.000000	     0.000000	    75.000000	    45.000000	     0.400000	     0.000000
    33.235139	   103.468882	    10.000000	     0.000000	    75.000000	    45.000000	     0.400000	     0.000000
    33.242262	   103.468882	    10.000000	     0.000000	    75.000000	    45.000000	     0.400000	     0.000000
    33.249385	   103.468882	    10.000000	     0.000000	    75.000000	    45.000000	     0.400000	     0.000000
    33.256507	   103.468882	    10.000000	     0.000000	    75.000000	    45.000000	     0.400000	     0.000000
    33.263630	   103.468882	    10.000000	     0.000000	    75.000000	    45.000000	     0.400000	     0.000000
    33.270753	   103.468882	    10.000000	     0.000000	    75.000000	    45.000000	     0.400000	     0.000000
    33.277876	   103.468882	    10.000000	     0.000000	    75.000000	    45.000000	     0.400000	     0.000000
    33.284998	   103.468882	    10.000000	     0.000000	    75.000000	    45.000000	     0.400000	     0.000000
    33.292121	   103.468882	    10.000000	     0.000000	    75.000000	    45.000000	     0.400000	     0.000000
    33.299244	   103.468882	    10.000000	     0.000000	    75.000000	    45.000000	     0.400000	     0.000000
    33.306366	   103.468882	    10.000000	     0.000000	    75.000000	    45.000000	     0.400000	     0.000000
    33.313489	   103.468882	    10.000000	     0.000000	    75.000000	    45.000000	     0.400000	     0.000000
    33.320612	   103.468882	    10.000000	     0.000000	    75.000000	    45.000000	     0.400000	     0.000000
    33.327735	   103.468882	    10.000000	     0.000000	    75.000000	    45.000000	     0.400000	     0.000000
    33.334857	   103.468882	    10.000000	     0.000000	    75.000000	    45.000000	     0.400000	     0.000000
    33.341980	   103.468882	    10.000000	     0.000000	    75.000000	    45.000000	     0.400000	     0.000000
    33.349103	   103.468882	    10.000000	     0.000000	    75.000000	    45.000000	     0.400000	     0.000000
    33.356225	   103.468882	    10.000000	     0.000000	    75.000000	    45.000000	     0.400000	     0.000000
    33.363348	   103.468882	    10.000000	     0.000000	    75.000000	    45.000000	     0.400000	     0.000000
    33.370471	   103.468882	    10.000000	     0.000000	    75.000000	    45.000000	     0.400000	     0.000000
    33.377594	   103.468882	    10.000000	     0.000000	    75.000000	    45.000000	     0.400000	     0.000000
    33.384716	   103.468882	    10.000000	     0.000000	    75.000000	    45.000000	     0.400000	     0.000000
